

Model:architecture-resnext50_32x4d-method-MultiMRI-MRI_type-all-fold-1-epochs-75-batchsize-32-lr-0.0001 
accuracy:0.6052631578947368 
mae:0.5 
f1:0.5826225643159281 
recall:0.6052631578947368 
precision:0.5757575757575757 
auc:0.7841791310541311