

Model:architecture-resnext50_32x4d-method-UniMRI-MRI_type-t1ce-fold-1-epochs-75-batchsize-32-lr-0.0001 
accuracy:0.5789473684210527 
mae:0.5789473684210527 
f1:0.5386338185890258 
recall:0.5789473684210527 
precision:0.5287524366471735 
auc:0.7158742877492877