

Model:architecture-resnext50_32x4d-method-UniMRI-MRI_type-t1-fold-3-epochs-100-batchsize-32-lr-0.0001 
accuracy:0.6486486486486487 
mae:0.5675675675675675 
f1:0.6381595881595882 
recall:0.6486486486486487 
precision:0.6332300680126768