

Model:architecture-resnext50_32x4d-method-UniMRI-MRI_type-t2-fold-0-epochs-100-batchsize-32-lr-0.0001 
accuracy:0.5789473684210527 
mae:0.7368421052631579 
f1:0.5515594541910332 
recall:0.5789473684210527 
precision:0.5674982911825017