

Model:architecture-resnext50_32x4d-method-UniMRI-MRI_type-t1-fold-4-epochs-75-batchsize-32-lr-0.0001 
accuracy:0.7027027027027027 
mae:0.35135135135135137 
f1:0.7003319108582267 
recall:0.7027027027027027 
precision:0.751987281399046 
auc:0.8442929680832907