

Model:architecture-resnext50_32x4d-method-UniMRI-MRI_type-t1ce-fold-2-epochs-75-batchsize-32-lr-0.0001 
accuracy:0.6216216216216216 
mae:0.4864864864864865 
f1:0.6177313677313677 
recall:0.6216216216216216 
precision:0.6184168358081402 
auc:0.7253061481002657