

Model:architecture-resnext50_32x4d-method-UniMRI-MRI_type-t1-fold-1-epochs-75-batchsize-32-lr-0.0001 
accuracy:0.5789473684210527 
mae:0.5526315789473685 
f1:0.5603694194836685 
recall:0.5789473684210527 
precision:0.5731829573934837 
auc:0.7345352564102564