

Model:architecture-resnext50_32x4d-method-UniMRI-MRI_type-flair-fold-4-epochs-75-batchsize-32-lr-0.0001 
accuracy:0.7027027027027027 
mae:0.3783783783783784 
f1:0.692836599813344 
recall:0.7027027027027027 
precision:0.7043407043407044 
auc:0.8172476816294022