

Model:architecture-resnext50_32x4d-method-UniMRI-MRI_type-t2-fold-2-epochs-75-batchsize-32-lr-0.0001 
accuracy:0.6486486486486487 
mae:0.40540540540540543 
f1:0.6281567608798729 
recall:0.6486486486486487 
precision:0.6699099099099098 
auc:0.7630853623500683