

Model:architecture-resnext50_32x4d-method-MultiMRI-MRI_type-all-fold-2-epochs-75-batchsize-32-lr-0.0001 
accuracy:0.6486486486486487 
mae:0.40540540540540543 
f1:0.6180463534765108 
recall:0.6486486486486487 
precision:0.6037422037422037 
auc:0.7611551030668678