

Model:architecture-resnext50_32x4d-method-UniMRI-MRI_type-flair-fold-3-epochs-100-batchsize-32-lr-0.0001 
accuracy:0.7027027027027027 
mae:0.5405405405405406 
f1:0.6885749385749385 
recall:0.7027027027027027 
precision:0.7182952182952183