

Model:architecture-resnext50_32x4d-method-UniMRI-MRI_type-t1ce-fold-0-epochs-75-batchsize-32-lr-0.0001 
accuracy:0.7368421052631579 
mae:0.39473684210526316 
f1:0.7042585095216674 
recall:0.7368421052631579 
precision:0.6911027568922306 
auc:0.8311627082594825