

Model:architecture-resnext50_32x4d-method-MultiMRI-MRI_type-all-fold-4-epochs-75-batchsize-32-lr-0.0001 
accuracy:0.5675675675675675 
mae:0.5405405405405406 
f1:0.5221130221130221 
recall:0.5675675675675675 
precision:0.48598287728722506 
auc:0.7388383967685043