

Model:architecture-resnext50_32x4d-method-UniMRI-MRI_type-t2-fold-3-epochs-100-batchsize-32-lr-0.0001 
accuracy:0.5405405405405406 
mae:0.8648648648648649 
f1:0.5495741811531285 
recall:0.5405405405405406 
precision:0.588963963963964