

Model:architecture-resnext50_32x4d-method-UniMRI-MRI_type-t2-fold-4-epochs-75-batchsize-32-lr-0.0001 
accuracy:0.6216216216216216 
mae:0.5135135135135135 
f1:0.6258582907231556 
recall:0.6216216216216216 
precision:0.6593468468468469 
auc:0.7782912328611253