

Model:architecture-resnext50_32x4d-method-UniMRI-MRI_type-t2-fold-3-epochs-75-batchsize-32-lr-0.0001 
accuracy:0.5945945945945946 
mae:0.5675675675675675 
f1:0.5976039666389613 
recall:0.5945945945945946 
precision:0.6106795054163474 
auc:0.695679012345679