

Model:architecture-resnext50_32x4d-method-MultiMRI-MRI_type-all-fold-3-epochs-75-batchsize-32-lr-0.0001 
accuracy:0.5675675675675675 
mae:0.5675675675675675 
f1:0.5263738496821204 
recall:0.5675675675675675 
precision:0.4944944944944945 
auc:0.6439534231200899