

Model:architecture-resnext50_32x4d-method-UniMRI-MRI_type-t1ce-fold-3-epochs-75-batchsize-32-lr-0.0001 
accuracy:0.5675675675675675 
mae:0.6216216216216216 
f1:0.5659043659043659 
recall:0.5675675675675675 
precision:0.5908850026497086 
auc:0.7352342873176206