

Model:architecture-resnext50_32x4d-method-UniMRI-MRI_type-t1-fold-0-epochs-100-batchsize-32-lr-0.0001 
accuracy:0.47368421052631576 
mae:1.0 
f1:0.45861244019138764 
recall:0.47368421052631576 
precision:0.45826687931951093