

Model:architecture-resnext50_32x4d-method-UniMRI-MRI_type-flair-fold-3-epochs-75-batchsize-32-lr-0.0001 
accuracy:0.7297297297297297 
mae:0.3783783783783784 
f1:0.6796396396396396 
recall:0.7297297297297297 
precision:0.6486486486486487 
auc:0.7366301907968574