

Model:architecture-resnext50_32x4d-method-MultiMRI-MRI_type-all-fold-0-epochs-75-batchsize-32-lr-0.0001 
accuracy:0.5 
mae:0.6842105263157895 
f1:0.4526315789473685 
recall:0.5 
precision:0.45864661654135336 
auc:0.701853263224231