

Model:architecture-resnext50_32x4d-method-UniMRI-MRI_type-t1ce-fold-0-epochs-100-batchsize-32-lr-0.0001 
accuracy:0.5263157894736842 
mae:0.8947368421052632 
f1:0.49465769687376343 
recall:0.5263157894736842 
precision:0.4666666666666667