

Model:architecture-resnext50_32x4d-method-UniMRI-MRI_type-t1ce-fold-2-epochs-100-batchsize-32-lr-0.0001 
accuracy:0.5945945945945946 
mae:0.6486486486486487 
f1:0.5857493857493857 
recall:0.5945945945945946 
precision:0.6187678361591405