

Model:architecture-resnext50_32x4d-method-UniMRI-MRI_type-flair-fold-4-epochs-100-batchsize-32-lr-0.0001 
accuracy:0.7027027027027027 
mae:0.4594594594594595 
f1:0.7003955174686883 
recall:0.7027027027027027 
precision:0.7256756756756756