

Model:architecture-resnext50_32x4d-method-UniMRI-MRI_type-t1-fold-2-epochs-100-batchsize-32-lr-0.0001 
accuracy:0.6216216216216216 
mae:0.5675675675675675 
f1:0.5806949806949806 
recall:0.6216216216216216 
precision:0.5859073359073359