

Model:architecture-resnext50_32x4d-method-UniMRI-MRI_type-flair-fold-0-epochs-5-batchsize-32-lr-0.0001 
accuracy:0.47368421052631576 
mae:0.7105263157894737 
f1:0.3045112781954888 
recall:0.47368421052631576 
precision:0.22437673130193903 
auc:0.4589160003676133

Model:architecture-resnext50_32x4d-method-UniMRI-MRI_type-flair-fold-0-epochs-5-batchsize-32-lr-0.0001 
accuracy:0.47368421052631576 
mae:0.7105263157894737 
f1:0.3045112781954888 
recall:0.47368421052631576 
precision:0.22437673130193903 
auc:0.6358676329644072