

Model:architecture-resnext50_32x4d-method-UniMRI-MRI_type-t1-fold-4-epochs-100-batchsize-32-lr-0.0001 
accuracy:0.6486486486486487 
mae:0.6486486486486487 
f1:0.6224668604531305 
recall:0.6486486486486487 
precision:0.6128528528528528