

Model:architecture-resnext50_32x4d-method-UniMRI-MRI_type-t2-fold-2-epochs-100-batchsize-32-lr-0.0001 
accuracy:0.6486486486486487 
mae:0.4864864864864865 
f1:0.606981981981982 
recall:0.6486486486486487 
precision:0.6426426426426427