

Model:architecture-resnext50_32x4d-method-UniMRI-MRI_type-flair-fold-0-epochs-30-batchsize-32-lr-0.0001 
accuracy:0.7105263157894737 
mae:0.5789473684210527 
f1:0.6379585326953748 
recall:0.7105263157894737 
precision:0.5907894736842106