

Model:architecture-resnext50_32x4d-method-UniMRI-MRI_type-flair-fold-1-epochs-100-batchsize-32-lr-0.0001 
accuracy:0.5789473684210527 
mae:0.7894736842105263 
f1:0.5192982456140351 
recall:0.5789473684210527 
precision:0.5263157894736842