

Model:architecture-resnext50_32x4d-method-UniMRI-MRI_type-t1ce-fold-1-epochs-100-batchsize-32-lr-0.0001 
accuracy:0.5526315789473685 
mae:0.8421052631578947 
f1:0.5513784461152881 
recall:0.5526315789473685 
precision:0.5675837320574163