

Model:architecture-resnext50_32x4d-method-UniMRI-MRI_type-t2-fold-1-epochs-100-batchsize-32-lr-0.0001 
accuracy:0.6578947368421053 
mae:0.6578947368421053 
f1:0.6276969018290406 
recall:0.6578947368421053 
precision:0.6403508771929824