

Model:architecture-resnext50_32x4d-method-UniMRI-MRI_type-t1-fold-1-epochs-100-batchsize-32-lr-0.0001 
accuracy:0.6578947368421053 
mae:0.5789473684210527 
f1:0.6482205513784461 
recall:0.6578947368421053 
precision:0.6584468163415531