

Model:architecture-resnext50_32x4d-method-UniMRI-MRI_type-flair-fold-0-epochs-100-batchsize-32-lr-0.0001 
accuracy:0.631578947368421 
mae:0.6842105263157895 
f1:0.5751879699248119 
recall:0.631578947368421 
precision:0.5282296650717703